-73.979942321777344 40.765380859375
-73.972335815429687 40.762378692626953
-73.968849182128906 40.764530181884766
-73.993934631347656 40.741683959960937
-73.988922119140625 40.72698974609375
-73.974082946777344 40.762912750244141
-73.968315124511719 40.755329132080078
-73.994209289550781 40.746101379394531
-74.006759643554687 40.718906402587891
-73.9996337890625 40.734771728515625
-73.982681274414063 40.731311798095703
-73.990158081054687 40.756198883056641
-73.995765686035156 40.743789672851562
-74.005416870117187 40.727283477783203
-73.999336242675781 40.728321075439453
-73.975898742675781 40.7559814453125
-73.988410949707031 40.764423370361328
-74.004623413085938 40.721500396728516
-73.781097412109375 40.645000457763672
-74.006034851074219 40.735370635986328
-73.984390258789063 40.754848480224609
-73.978202819824219 40.757667541503906
-73.782218933105469 40.644596099853516
-73.987808227539062 40.755195617675781
-74.001228332519531 40.751605987548828
-74.003059387207031 40.748981475830078
-73.955001831054687 40.720348358154297
-73.973190307617187 40.677906036376953
-73.974777221679688 40.760238647460937
-73.959823608398438 40.703010559082031
-73.776832580566406 40.645366668701172
-73.989608764648437 40.760551452636719
-73.920646667480469 40.765060424804688
-73.863563537597656 40.770065307617187
-73.989593505859375 40.758926391601563
-73.996536254882813 40.726871490478516
-73.985450744628906 40.747108459472656
-73.964820861816406 40.755516052246094
-73.993675231933594 40.752166748046875
-73.8731689453125 40.774105072021484
-73.993690490722656 40.751747131347656
-73.995391845703125 40.763767242431641
-73.979545593261719 40.727443695068359
-73.968589782714844 40.767234802246094
-73.970161437988281 40.758811950683594
-73.9747314453125 40.751216888427734
-73.989585876464844 40.739009857177734
-74.011909484863281 40.707088470458984
-73.796043395996094 40.644680023193359
-73.994155883789063 40.751007080078125
-73.873069763183594 40.774089813232422
-73.760238647460937 40.720798492431641
-74.011772155761719 40.704349517822266
-73.782241821289063 40.644405364990234
-73.989990234375 40.749973297119141
-74.011878967285156 40.707736968994141
-73.9952392578125 40.7496337890625
-73.982109069824219 40.758243560791016
-73.971549987792969 40.757213592529297
-73.992202758789063 40.763969421386719
-73.978683471679688 40.77752685546875
-73.989349365234375 40.7406005859375
-73.992523193359375 40.730743408203125
-73.982460021972656 40.767623901367187
-74.005111694335938 40.719757080078125
-73.872978210449219 40.774150848388672
-73.987091064453125 40.739227294921875
-73.983627319335938 40.72174072265625
-73.970596313476563 40.755916595458984
-73.972793579101563 40.759975433349609
-74.0135498046875 40.704383850097656
-73.973861694335937 40.763744354248047
-73.874946594238281 40.774040222167969
-73.974716186523438 40.753421783447266
-73.87347412109375 40.774013519287109
-73.789283752441406 40.647010803222656
-73.874481201171875 40.773948669433594
-73.959701538085938 40.770984649658203
-73.863487243652344 40.770027160644531
-73.983421325683594 40.765323638916016
-73.874717712402344 40.774116516113281
-73.86334228515625 40.769931793212891
-73.995269775390625 40.724964141845703
-73.971145629882813 40.693233489990234
-73.874458312988281 40.774040222167969
-73.874542236328125 40.774051666259766
-73.975532531738281 40.786888122558594
-73.974319458007813 40.75048828125
-73.984870910644531 40.753749847412109
-74.007438659667969 40.72650146484375
-73.863327026367188 40.770000457763672
-73.863479614257813 40.770149230957031
-73.990203857421875 40.737014770507812
-73.9832763671875 40.755817413330078
-73.998893737792969 40.732349395751953
-74.002418518066406 40.728118896484375
-73.98992919921875 40.738452911376953
-73.781890869140625 40.644752502441406
-73.991401672363281 40.733322143554688
-73.981636047363281 40.732769012451172
-73.994956970214844 40.752861022949219
-73.98809814453125 40.738540649414062
-74.006317138671875 40.733081817626953
-73.971992492675781 40.757381439208984
-74.002952575683594 40.733856201171875
-73.989822387695313 40.735401153564453
-73.777053833007812 40.646305084228516
-73.962051391601562 40.759498596191406
-73.863418579101562 40.769954681396484
-73.983566284179688 40.770969390869141
-73.909408569335937 40.778621673583984
-73.873207092285156 40.774150848388672
-73.989761352539063 40.734466552734375
-73.997993469238281 40.740741729736328
-74.004203796386719 40.752056121826172
-73.942367553710938 40.832969665527344
-73.988746643066406 40.722293853759766
-73.976028442382813 40.755859375
-73.873016357421875 40.774036407470703
-74.008522033691406 40.714363098144531
-73.872886657714844 40.77423095703125
-73.987770080566406 40.744106292724609
-73.999839782714844 40.743328094482422
-73.99310302734375 40.742080688476562
-73.955818176269531 40.714099884033203
-73.987762451171875 40.765209197998047
-73.788627624511719 40.644996643066406
-73.982894897460938 40.739662170410156
-73.976089477539063 40.755893707275391
-73.790000915527344 40.646953582763672
-73.973533630371094 40.677215576171875
-73.942611694335938 40.725677490234375
-73.942581176757812 40.842121124267578
-73.980812072753906 40.763450622558594
-73.978713989257812 40.724140167236328
-73.985618591308594 40.75286865234375
-73.984077453613281 40.764915466308594
-73.874229431152344 40.776405334472656
-73.984291076660156 40.769950866699219
-73.981231689453125 40.763591766357422
-73.982208251953125 40.756629943847656
-73.988265991210937 40.746070861816406
-73.987037658691406 40.759349822998047
-73.7857666015625 40.645713806152344
-73.96722412109375 40.760116577148438
-73.989913940429687 40.760654449462891
-73.965957641601562 40.761417388916016
-73.97833251953125 40.783222198486328
-73.997215270996094 40.720638275146484
-73.99755859375 40.746486663818359
-73.983848571777344 40.770580291748047
-73.992156982421875 40.754829406738281
-73.980049133300781 40.743148803710938
-73.96990966796875 40.752876281738281
-73.863548278808594 40.769962310791016
-73.987548828125 40.743579864501953
-74.001205444335938 40.733551025390625
-73.979156494140625 40.751148223876953
-73.9993896484375 40.743888854980469
-73.952392578125 40.747779846191406
-73.78900146484375 40.647228240966797
-73.988082885742187 40.738548278808594
-73.994194030761719 40.734634399414063
-73.987998962402344 40.743801116943359
-74.005538940429687 40.745681762695313
-73.999725341796875 40.717754364013672
-73.99224853515625 40.749080657958984
-73.973396301269531 40.758499145507813
-73.988014221191406 40.760005950927734
-73.998809814453125 40.729869842529297
-73.953643798828125 40.766971588134766
-74.006439208984375 40.740478515625
-73.975318908691406 40.759754180908203
-73.968612670898437 40.761898040771484
-73.961128234863281 40.756923675537109
-73.996910095214844 40.747440338134766
-73.993438720703125 40.749923706054688
-73.873245239257812 40.7740478515625
-73.967704772949219 40.762786865234375
-74.00872802734375 40.739349365234375
-73.994720458984375 40.725013732910156
-73.991134643554687 40.735034942626953
-73.961936950683594 40.767585754394531
-73.954719543457031 40.773841857910156
-73.966415405273437 40.764633178710937
-73.986152648925781 40.762496948242188
-73.965194702148438 40.763507843017578
-73.986625671386719 40.766616821289063
-73.981254577636719 40.764537811279297
-73.986923217773437 40.745151519775391
-73.968330383300781 40.767471313476563
-73.970138549804687 40.762466430664063
-73.994453430175781 40.766090393066406
-73.946846008300781 40.777576446533203
-73.991409301757812 40.727287292480469
-74.002899169921875 40.760410308837891
-73.962783813476563 40.769622802734375
-73.950904846191406 40.769401550292969
-73.988494873046875 40.742717742919922
-73.987045288085938 40.760906219482422
-73.7767333984375 40.645290374755859
-73.999160766601563 40.754825592041016
-73.981765747070312 40.758831024169922
-73.974418640136719 40.76361083984375
-73.998771667480469 40.734058380126953
-73.974021911621094 40.750377655029297
-73.956901550292969 40.77850341796875
-74.004188537597656 40.729866027832031
-73.978424072265625 40.757148742675781
-73.975639343261719 40.755741119384766
-73.981864929199219 40.775417327880859
-73.982192993164063 40.742996215820313
-73.973838806152344 40.758541107177734
-74.014930725097656 40.7138671875
-74.017257690429687 40.705287933349609
-73.952018737792969 40.799068450927734
-73.998291015625 40.764156341552734
-73.874534606933594 40.774070739746094
-73.99676513671875 40.737415313720703
-73.959487915039063 40.774089813232422
-73.9927978515625 40.727954864501953
-73.971725463867188 40.759601593017578
-73.987991333007812 40.761608123779297
-73.992790222167969 40.743106842041016
-73.933021545410156 40.795341491699219
-73.981170654296875 40.759868621826172
-74.001045227050781 40.729148864746094
-73.973983764648438 40.759891510009766
-73.981071472167969 40.762031555175781
-73.953895568847656 40.774871826171875
-73.980880737304688 40.781597137451172
-73.990791320800781 40.730430603027344
-74.006195068359375 40.750034332275391
-74.003890991210937 40.707660675048828
-73.967498779296875 40.758716583251953
-73.969169616699219 40.766960144042969
-73.986961364746094 40.771293640136719
-73.960678100585938 40.761451721191406
-73.96038818359375 40.773086547851563
-73.972518920898437 40.756500244140625
-73.960441589355469 40.781608581542969
-73.968635559082031 40.754623413085938
-73.996040344238281 40.726203918457031
-73.997467041015625 40.724071502685547
-73.961112976074219 40.765087127685547
-73.948135375976563 40.783275604248047
-74.011947631835938 40.713520050048828
-74.011444091796875 40.71417236328125
-73.971054077148438 40.760543823242188
-73.972991943359375 40.758750915527344
-73.976760864257813 40.754070281982422
-73.872505187988281 40.774223327636719
-73.98681640625 40.758956909179688
-73.973136901855469 40.764301300048828
-73.954986572265625 40.779575347900391
-73.999526977539062 40.721446990966797
-73.974525451660156 40.752769470214844
-73.966743469238281 40.761264801025391
-73.974601745605469 40.761772155761719
-73.862442016601563 40.768939971923828
-73.987297058105469 40.738849639892578
-73.966598510742188 40.753181457519531
-73.984176635742187 40.760150909423828
-73.986076354980469 40.740779876708984
-73.97906494140625 40.764278411865234
-73.982093811035156 40.775741577148438
-73.874641418457031 40.774055480957031
-74.003257751464844 40.707981109619141
-73.97894287109375 40.762393951416016
-73.999305725097656 40.725055694580078
-73.99078369140625 40.738578796386719
-73.9959716796875 40.741878509521484
-73.968902587890625 40.754379272460938
-74.002220153808594 40.755641937255859
-73.947731018066406 40.770648956298828
-73.997283935546875 40.736526489257813
-73.990165710449219 40.756614685058594
-73.951850891113281 40.78155517578125
-73.98358154296875 40.749446868896484
-73.994415283203125 40.740436553955078
-74.008201599121094 40.748744964599609
-73.975357055664063 40.780296325683594
-73.985954284667969 40.731151580810547
-73.982276916503906 40.764915466308594
-73.963638305664063 40.775016784667969
-73.987998962402344 40.749691009521484
-73.97802734375 40.752918243408203
-73.993354797363281 40.752296447753906
-73.987350463867188 40.732585906982422
-73.991546630859375 40.751224517822266
-73.994415283203125 40.745990753173828
-73.97332763671875 40.751911163330078
-74.00140380859375 40.710250854492188
-73.981407165527344 40.766738891601563
-73.978897094726563 40.762168884277344
-73.989997863769531 40.737476348876953
-74.0076904296875 40.742824554443359
-73.982818603515625 40.767673492431641
-73.97467041015625 40.749137878417969
-73.979301452636719 40.767261505126953
-73.97125244140625 40.758346557617188
-73.952537536621094 40.776851654052734
-73.962371826171875 40.773159027099609
-73.978630065917969 40.745109558105469
-74.005996704101563 40.739971160888672
-73.9630126953125 40.762531280517578
-73.988967895507813 40.763351440429688
-73.995681762695313 40.746898651123047
-73.956977844238281 40.766368865966797
-73.966476440429688 40.804157257080078
-73.969398498535156 40.766040802001953
-73.8717041015625 40.774188995361328
-74.007514953613281 40.7130126953125
-73.934791564941406 40.746341705322266
-73.969039916992188 40.77001953125
-73.985969543457031 40.737712860107422
-74.016532897949219 40.709579467773438
-73.98712158203125 40.755104064941406
-73.968940734863281 40.798439025878906
-73.970008850097656 40.762771606445313
-74.002349853515625 40.721561431884766
-73.981285095214844 40.781051635742188
-73.787910461425781 40.641559600830078
-73.97821044921875 40.752407073974609
-73.98785400390625 40.759052276611328
-73.945045471191406 40.802585601806641
-73.988609313964844 40.737190246582031
-73.950927734375 40.78253173828125
-73.988746643066406 40.736946105957031
-73.971260070800781 40.761970520019531
-73.964408874511719 40.764392852783203
-74.0025634765625 40.739536285400391
-74.002761840820312 40.749771118164063
-73.977043151855469 40.765270233154297
-73.982368469238281 40.774551391601563
-73.969245910644531 40.7906494140625
-73.951774597167969 40.780418395996094
-74.017349243164062 40.705173492431641
-73.967521667480469 40.763370513916016
-73.972709655761719 40.793380737304687
-73.980079650878906 40.775718688964844
-73.991508483886719 40.701087951660156
-73.993309020996094 40.752513885498047
-73.955207824707031 40.78009033203125
-73.95770263671875 40.779518127441406
-73.961723327636719 40.774318695068359
-73.955307006835938 40.768802642822266
-74.015838623046875 40.711116790771484
-73.995330810546875 40.764469146728516
-73.86279296875 40.768829345703125
-73.971931457519531 40.791355133056641
-73.962051391601562 40.779537200927734
-73.974685668945313 40.793270111083984
-73.985671997070313 40.72705078125
-74.0032958984375 40.732646942138672
-74.006782531738281 40.730777740478516
-73.949470520019531 40.8018798828125
-74.000541687011719 40.747650146484375
-73.977500915527344 40.742805480957031
-74.006477355957031 40.738609313964844
-73.956001281738281 40.779140472412109
-73.962448120117188 40.779048919677734
-73.98248291015625 40.745220184326172
-73.982566833496094 40.735481262207031
-73.978263854980469 40.785839080810547
-73.870872497558594 40.773746490478516
-73.862640380859375 40.768890380859375
-73.922218322753906 40.862697601318359
-73.986190795898437 40.740711212158203
-73.990097045898437 40.732841491699219
-73.965049743652344 40.768924713134766
-73.967086791992187 40.756961822509766
-73.990150451660156 40.714496612548828
-74.005149841308594 40.751327514648438
-73.944938659667969 40.7872314453125
-73.955848693847656 40.776180267333984
-74.016136169433594 40.714714050292969
-73.982215881347656 40.720996856689453
-73.963233947753906 40.774250030517578
-73.987464904785156 40.741546630859375
-73.980331420898438 40.761005401611328
-73.8638916015625 40.769649505615234
-74.016105651855469 40.715232849121094
-73.973907470703125 40.792060852050781
-73.996261596679687 40.7432861328125
-73.991607666015625 40.754810333251953
-73.947273254394531 40.776031494140625
-73.9580078125 40.773471832275391
-74.00732421875 40.742698669433594
-73.984153747558594 40.740451812744141
-73.982246398925781 40.774711608886719
-73.991851806640625 40.725971221923828
-73.956092834472656 40.771839141845703
-73.980140686035156 40.747871398925781
-73.990806579589844 40.734390258789063
-74.00030517578125 40.7427978515625
-74.009880065917969 40.720859527587891
-73.9827880859375 40.744758605957031
-73.965057373046875 40.768527984619141
-73.964279174804688 40.768009185791016
-73.9737548828125 40.752204895019531
-74.00469970703125 40.741928100585937
-73.987350463867188 40.738689422607422
-73.991630554199219 40.729713439941406
-73.985282897949219 40.768642425537109
-73.979110717773437 40.761890411376953
-73.951988220214844 40.777812957763672
-73.991134643554687 40.755611419677734
-73.864166259765625 40.7703857421875
-74.004501342773438 40.741897583007813
-74.002090454101563 40.727985382080078
-73.980682373046875 40.766792297363281
-73.990707397460938 40.769939422607422
-73.97412109375 40.763904571533203
-73.99359130859375 40.743339538574219
-73.984306335449219 40.746021270751953
-73.953361511230469 40.779682159423828
-73.977851867675781 40.742202758789063
-73.967018127441406 40.766506195068359
-73.960357666015625 40.769683837890625
-73.98095703125 40.781265258789063
-73.992408752441406 40.748737335205078
-73.986724853515625 40.736850738525391
-73.99920654296875 40.733936309814453
-73.982315063476563 40.731338500976562
-73.951362609863281 40.770149230957031
-73.870574951171875 40.773567199707031
-73.981216430664063 40.780380249023438
-73.955696105957031 40.779941558837891
-73.97760009765625 40.77947998046875
-73.949996948242188 40.779808044433594
-73.994071960449219 40.751861572265625
-73.985023498535156 40.749401092529297
-73.956916809082031 40.771541595458984
-73.970909118652344 40.788429260253906
-73.984214782714844 40.768512725830078
-73.989997863769531 40.734043121337891
-73.987152099609375 40.776210784912109
-73.781959533691406 40.644790649414062
-73.954055786132813 40.766891479492188
-73.995223999023437 40.749233245849609
-73.98089599609375 40.742034912109375
-73.874435424804688 40.773960113525391
-73.874458312988281 40.773998260498047
-73.983230590820313 40.756198883056641
-74.006248474121094 40.733943939208984
-73.963623046875 40.771709442138672
-73.870826721191406 40.773696899414063
-73.965965270996094 40.789798736572266
-73.978378295898437 40.779018402099609
-74.007545471191406 40.743000030517578
-73.953475952148438 40.767276763916016
-73.965492248535156 40.759353637695313
-73.988937377929687 40.774120330810547
-73.982093811035156 40.751625061035156
-73.962677001953125 40.772457122802734
-73.98944091796875 40.77294921875
-73.983360290527344 40.74151611328125
-73.777137756347656 40.644901275634766
-73.981399536132812 40.781116485595703
-73.982620239257813 40.771690368652344
-73.978340148925781 40.763916015625
-73.973419189453125 40.753196716308594
-73.963584899902344 40.774528503417969
-73.960441589355469 40.766525268554688
-73.7823486328125 40.644554138183594
-73.978515625 40.724582672119141
-73.949325561523438 40.828140258789063
-74.004531860351563 40.742038726806641
-73.943374633789063 40.777011871337891
-73.980644226074219 40.750591278076172
-73.970146179199219 40.794303894042969
-73.977867126464844 40.747699737548828
-73.995353698730469 40.74407958984375
-74.005516052246094 40.740760803222656
-73.978286743164063 40.737258911132812
-73.862876892089844 40.769100189208984
-73.981559753417969 40.773639678955078
-73.972373962402344 40.757068634033203
-73.977615356445313 40.775253295898437
-73.98223876953125 40.773979187011719
-73.972091674804688 40.759902954101563
-73.966407775878906 40.761947631835938
-73.977325439453125 40.78460693359375
-73.988090515136719 40.749706268310547
-73.982147216796875 40.765201568603516
-73.999618530273437 40.761371612548828
-73.960067749023438 40.776069641113281
-73.977470397949219 40.763309478759766
-73.958915710449219 40.763935089111328
-73.97259521484375 40.759517669677734
-73.980491638183594 40.753307342529297
-73.982437133789062 40.774024963378906
-73.992164611816406 40.739532470703125
-73.781753540039063 40.644786834716797
-73.999053955078125 40.719093322753906
-73.96514892578125 40.760643005371094
-73.984718322753906 40.715438842773438
-73.997955322265625 40.730201721191406
-73.984382629394531 40.745979309082031
-73.965911865234375 40.754531860351563
-73.994476318359375 40.741771697998047
-73.954742431640625 40.805370330810547
-73.776321411132813 40.645885467529297
-73.8626708984375 40.769027709960938
-73.954086303710938 40.789318084716797
-73.953887939453125 40.778526306152344
-73.958251953125 40.772800445556641
-73.9810791015625 40.741741180419922
-73.870574951171875 40.773891448974609
-73.995513916015625 40.744331359863281
-73.981536865234375 40.768642425537109
-74.01019287109375 40.711509704589844
-73.9652099609375 40.759666442871094
-74.003189086914063 40.727390289306641
-73.978019714355469 40.752811431884766
-74.006088256835937 40.737594604492188
-73.956794738769531 40.777797698974609
-73.86273193359375 40.769046783447266
-73.987777709960937 40.729358673095703
-73.996864318847656 40.762535095214844
-73.978057861328125 40.766681671142578
-73.986076354980469 40.762458801269531
-73.992523193359375 40.769138336181641
-73.986045837402344 40.752403259277344
-73.971977233886719 40.79461669921875
-73.963310241699219 40.756561279296875
-73.978408813476563 40.750816345214844
-73.960250854492188 40.778846740722656
-73.969314575195313 40.763851165771484
-73.776657104492187 40.645347595214844
-74.010101318359375 40.720508575439453
-73.969940185546875 40.753067016601563
-73.965202331542969 40.792140960693359
-73.972023010253906 40.760349273681641
-73.955360412597656 40.785526275634766
-73.974479675292969 40.790836334228516
-73.999725341796875 40.738700866699219
-73.955886840820313 40.767440795898437
-73.98223876953125 40.778553009033203
-73.979476928710937 40.784473419189453
-73.986358642578125 40.743930816650391
-73.964797973632812 40.763969421386719
-73.988838195800781 40.7635498046875
-73.988418579101563 40.743061065673828
-73.976066589355469 40.760860443115234
-73.992164611816406 40.749347686767578
-73.952812194824219 40.783256530761719
-73.954536437988281 40.730216979980469
-73.976799011230469 40.765232086181641
-74.000129699707031 40.734691619873047
-74.010063171386719 40.719936370849609
-73.994613647460938 40.721607208251953
-73.957740783691406 40.774658203125
-74.008651733398438 40.713973999023438
-73.992958068847656 40.728046417236328
-73.948699951171875 40.773689270019531
-73.999900817871094 40.721885681152344
-73.977348327636719 40.755470275878906
-73.961662292480469 40.768337249755859
-73.9825439453125 40.739532470703125
-73.989936828613281 40.733604431152344
-74.003860473632813 40.725753784179688
-73.973098754882812 40.785152435302734
-74.003349304199219 40.723480224609375
-74.006080627441406 40.734828948974609
-73.976295471191406 40.744457244873047
-73.981620788574219 40.773750305175781
-73.952903747558594 40.768020629882813
-73.951881408691406 40.773548126220703
-73.944671630859375 40.779346466064453
-73.982307434082031 40.731338500976562
-73.991722106933594 40.726268768310547
-73.951148986816406 40.7789306640625
-73.969444274902344 40.761112213134766
-73.992996215820313 40.742679595947266
-74.003494262695313 40.738765716552734
-73.979751586914063 40.746318817138672
-73.974967956542969 40.751205444335938
-73.972442626953125 40.7628173828125
-73.999610900878906 40.738132476806641
-73.9970703125 40.742210388183594
-73.977821350097656 40.761367797851563
-73.9600830078125 40.781387329101563
-73.985145568847656 40.742008209228516
-73.980133056640625 40.732208251953125
-73.996620178222656 40.715293884277344
-74.001182556152344 40.746406555175781
-73.994796752929688 40.745193481445313
-73.956497192382812 40.767013549804687
-73.980072021484375 40.769996643066406
-73.974067687988281 40.747200012207031
-74.001220703125 40.736858367919922
-73.9727783203125 40.758903503417969
-73.980239868164062 40.763339996337891
-73.954170227050781 40.766277313232422
-73.979240417480469 40.75982666015625
-73.991218566894531 40.750011444091797
-73.960655212402344 40.781272888183594
-73.980377197265625 40.777301788330078
-73.948722839355469 40.774063110351562
-73.996818542480469 40.715126037597656
-73.979461669921875 40.756519317626953
-73.986839294433594 40.722511291503906
-73.984527587890625 40.748420715332031
-73.789382934570313 40.643138885498047
-73.99700927734375 40.722522735595703
-73.99365234375 40.732906341552734
-73.989906311035156 40.741672515869141
-73.951179504394531 40.782218933105469
-73.983390808105469 40.771499633789063
-73.983482360839844 40.715023040771484
-73.974563598632812 40.77825927734375
-73.973838806152344 40.762905120849609
-73.958686828613281 40.778289794921875
-73.98248291015625 40.757209777832031
-73.971656799316406 40.766056060791016
-73.958404541015625 40.717300415039063
-73.98309326171875 40.726570129394531
-74.006660461425781 40.720138549804687
-74.006767272949219 40.716251373291016
-73.9825439453125 40.764556884765625
-73.954673767089844 40.784015655517578
-73.776748657226562 40.645488739013672
-73.995063781738281 40.727809906005859
-73.965499877929688 40.806095123291016
-73.991355895996094 40.720821380615234
-74.007827758789063 40.704509735107422
-73.975967407226562 40.760601043701172
-74.001152038574219 40.719970703125
-73.976356506347656 40.744121551513672
-73.863807678222656 40.769680023193359
-73.966781616210938 40.753101348876953
-73.981452941894531 40.770179748535156
-73.964576721191406 40.7559814453125
-73.983978271484375 40.737873077392578
-73.947059631347656 40.776084899902344
-74.01470947265625 40.7164306640625
-73.979026794433594 40.777256011962891
-73.984130859375 40.739269256591797
-74.006721496582031 40.730678558349609
-73.99700927734375 40.737228393554688
-74.002471923828125 40.747066497802734
-73.974578857421875 40.742328643798828
-73.968414306640625 40.770503997802734
-73.992507934570313 40.742931365966797
-73.974807739257812 40.749820709228516
-73.790451049804688 40.644218444824219
-74.005569458007813 40.738372802734375
-74.008430480957031 40.732624053955078
-73.985610961914062 40.752838134765625
-73.962409973144531 40.779083251953125
-73.978652954101563 40.763175964355469
-73.980430603027344 40.780338287353516
-73.862800598144531 40.769050598144531
-74.0107421875 40.720188140869141
-73.979705810546875 40.735122680664063
-73.963020324707031 40.757621765136719
-73.934280395507812 40.757270812988281
-74.006668090820312 40.742439270019531
-73.999702453613281 40.723541259765625
-73.99114990234375 40.750637054443359
-73.993400573730469 40.727260589599609
-74.006935119628906 40.735076904296875
-73.962852478027344 40.758201599121094
-73.990409851074219 40.751426696777344
-73.989776611328125 40.756736755371094
-73.963455200195312 40.771404266357422
-73.9864501953125 40.739532470703125
-73.991424560546875 40.750030517578125
-73.977577209472656 40.749820709228516
-73.981948852539063 40.767990112304688
-73.974388122558594 40.758468627929687
-73.966102600097656 40.794357299804688
-73.776756286621094 40.645301818847656
-73.957542419433594 40.765636444091797
-73.974159240722656 40.790878295898438
-73.874412536621094 40.774002075195313
-73.999473571777344 40.761119842529297
-73.9803466796875 40.782268524169922
-74.004562377929687 40.730728149414063
-73.982223510742188 40.777233123779297
-73.957916259765625 40.772804260253906
-73.973945617675781 40.75140380859375
-73.989921569824219 40.734046936035156
-73.986282348632812 40.734569549560547
-74.005958557128906 40.735179901123047
-74.004135131835938 40.707759857177734
-73.971473693847656 40.746650695800781
-73.957305908203125 40.786373138427734
-73.979019165039063 40.744495391845703
-74.002548217773438 40.749927520751953
-73.957893371582031 40.781864166259766
-73.992271423339844 40.737911224365234
-74.005256652832031 40.748493194580078
-73.966278076171875 40.762271881103516
-74.002471923828125 40.739898681640625
-73.974746704101563 40.742141723632813
-73.977615356445313 40.752185821533203
-74.006568908691406 40.716484069824219
-73.977127075195313 40.751529693603516
-73.98577880859375 40.735359191894531
-73.982414245605469 40.774581909179688
-73.976783752441406 40.7801513671875
-73.985984802246094 40.738441467285156
-73.981307983398437 40.746688842773438
-73.950538635253906 40.771461486816406
-73.983261108398438 40.742568969726563
-73.960853576660156 40.774829864501953
-73.952529907226563 40.772548675537109
-73.97412109375 40.754711151123047
-74.009284973144531 40.715461730957031
-73.955741882324219 40.779216766357422
-73.9625244140625 40.810131072998047
-74.002708435058594 40.749397277832031
-73.982635498046875 40.692184448242188
-73.990249633789063 40.758262634277344
-73.959869384765625 40.761180877685547
-73.9896240234375 40.75225830078125
-73.992660522460938 40.739444732666016
-74.008796691894531 40.712299346923828
-73.990913391113281 40.734134674072266
-73.987449645996094 40.775337219238281
-73.788101196289062 40.641590118408203
-73.9822998046875 40.740165710449219
-73.974128723144531 40.787418365478516
-73.978874206542969 40.761051177978516
-73.9732666015625 40.743919372558594
-74.002021789550781 40.715217590332031
-74.001022338867188 40.741817474365234
-73.959487915039063 40.767261505126953
-73.975608825683594 40.791828155517578
-73.96868896484375 40.763938903808594
-73.983390808105469 40.734336853027344
-73.989166259765625 40.757564544677734
-73.972549438476562 40.793979644775391
-73.78466796875 40.648597717285156
-73.983604431152344 40.760463714599609
-73.990280151367188 40.751029968261719
-73.99285888671875 40.74981689453125
-73.98992919921875 40.772857666015625
-74.007659912109375 40.740978240966797
-73.978370666503906 40.773105621337891
-73.966278076171875 40.773918151855469
-73.987136840820313 40.739089965820313
-73.97393798828125 40.751613616943359
-73.984779357910156 40.774250030517578
-73.943717956542969 40.740371704101563
-73.95269775390625 40.783531188964844
-73.989799499511719 40.758869171142578
-74.002616882324219 40.72650146484375
-74.01019287109375 40.704898834228516
-74.00201416015625 40.740440368652344
-73.995758056640625 40.764438629150391
-73.863616943359375 40.769832611083984
-73.870803833007813 40.773601531982422
-73.9913330078125 40.749599456787109
-73.991561889648438 40.750068664550781
-73.953804016113281 40.779586791992188
-73.976432800292969 40.766170501708984
-73.9822998046875 40.77545166015625
-73.953750610351563 40.782081604003906
-73.965866088867187 40.771350860595703
-73.989173889160156 40.748344421386719
-73.98712158203125 40.732791900634766
-73.978240966796875 40.752559661865234
-73.986679077148438 40.746280670166016
-73.957466125488281 40.770305633544922
-73.991165161132813 40.760520935058594
-73.939048767089844 40.805095672607422
-73.955421447753906 40.779342651367188
-74.015670776367188 40.714729309082031
-73.954818725585937 40.765514373779297
-73.970664978027344 40.788478851318359
-73.976211547851563 40.748508453369141
-73.969818115234375 40.753311157226563
-73.977813720703125 40.746318817138672
-74.005653381347656 40.750877380371094
-74.003684997558594 40.720287322998047
-73.971054077148438 40.798248291015625
-73.962348937988281 40.775470733642578
-73.965217590332031 40.765800476074219
-73.980598449707031 40.730625152587891
-73.957839965820312 40.765209197998047
-73.948448181152344 40.823963165283203
-73.976066589355469 40.740379333496094
-73.979072570800781 40.904991149902344
-73.986434936523438 40.734683990478516
-73.968086242675781 40.763908386230469
-73.990203857421875 40.732395172119141
-73.973312377929688 40.764591217041016
-73.993019104003906 40.74822998046875
-74.003822326660156 40.748088836669922
-74.002471923828125 40.745021820068359
-73.982131958007813 40.763771057128906
-73.993179321289063 40.749721527099609
-73.984977722167969 40.759487152099609
-73.979072570800781 40.764945983886719
-74.004035949707031 40.725234985351562
-73.99420166015625 40.751056671142578
-74.003425598144531 40.723613739013672
-73.870826721191406 40.773788452148438
-73.953292846679688 40.778800964355469
-73.987594604492187 40.749805450439453
-73.996505737304688 40.729682922363281
-73.945945739746094 40.777507781982422
-73.985549926757813 40.731571197509766
-73.951904296875 40.769390106201172
-73.98358154296875 40.721572875976562
-73.976982116699219 40.751796722412109
-73.872970581054687 40.774009704589844
-73.978866577148438 40.750679016113281
-74.000076293945312 40.742904663085938
-74.001930236816406 40.745830535888672
-73.984054565429687 40.737590789794922
-73.982658386230469 40.731342315673828
-73.956512451171875 40.771347045898437
-74.001235961914062 40.729122161865234
-73.991256713867188 40.750038146972656
-73.978729248046875 40.734619140625
-73.962844848632813 40.764457702636719
-73.951995849609375 40.778022766113281
-73.985565185546875 40.744586944580078
-73.974716186523438 40.742172241210937
-73.972518920898437 40.760509490966797
-73.975212097167969 40.765541076660156
-73.978172302246094 40.752628326416016
-73.973411560058594 40.787036895751953
-73.975822448730469 40.748905181884766
-73.982063293457031 40.728008270263672
-73.9873046875 40.765926361083984
-74.0064697265625 40.739669799804688
-74.002174377441406 40.729591369628906
-74.004905700683594 40.737449645996094
-74.005226135253906 40.75152587890625
-73.9888916015625 40.758750915527344
-73.997360229492188 40.736518859863281
-74.011726379394531 40.707847595214844
-73.99786376953125 40.735919952392578
-73.98883056640625 40.754222869873047
-73.98504638671875 40.744163513183594
-73.984619140625 40.7442626953125
-73.966285705566406 40.753734588623047
-73.951705932617188 40.778129577636719
-73.980499267578125 40.751228332519531
-73.990333557128906 40.760986328125
-73.995765686035156 40.748893737792969
-73.993125915527344 40.736965179443359
-73.968116760253906 40.762481689453125
-73.959823608398438 40.779640197753906
-74.008903503417969 40.713665008544922
-73.964408874511719 40.775241851806641
-73.984123229980469 40.737377166748047
-73.984901428222656 40.732524871826172
-73.971076965332031 40.755905151367188
-73.998931884765625 40.723293304443359
-73.987869262695312 40.760009765625
-74.0032958984375 40.72735595703125
-73.962776184082031 40.774127960205078
-73.9874267578125 40.740863800048828
-73.962303161621094 40.770355224609375
-73.983497619628906 40.744392395019531
-73.94659423828125 40.780849456787109
-73.946006774902344 40.821319580078125
-73.998908996582031 40.733795166015625
-73.993408203125 40.762298583984375
-73.954963684082031 40.777469635009766
-74.010116577148438 40.712291717529297
-73.995651245117188 40.726459503173828
-74.017021179199219 40.710891723632812
-74.005790710449219 40.725421905517578
-73.959785461425781 40.782207489013672
-73.983062744140625 40.747112274169922
-73.963241577148438 40.798866271972656
-73.980361938476562 40.765041351318359
-73.989028930664062 40.776870727539063
-73.990753173828125 40.750900268554687
-73.969947814941406 40.760601043701172
-73.994674682617188 40.744892120361328
-73.782035827636719 40.644630432128906
-73.966621398925781 40.757530212402344
-73.982292175292969 40.762245178222656
-73.99481201171875 40.725738525390625
-73.98468017578125 40.774826049804687
-73.978492736816406 40.736751556396484
-73.986183166503906 40.740692138671875
-74.010078430175781 40.720470428466797
-74.013587951660156 40.71478271484375
-73.990829467773437 40.734867095947266
-73.944244384765625 40.775840759277344
-73.988609313964844 40.718799591064453
-73.982383728027344 40.768436431884766
-73.781944274902344 40.644638061523438
-74.004783630371094 40.742042541503906
-74.000953674316406 40.747081756591797
-73.985481262207031 40.735279083251953
-73.873092651367188 40.774143218994141
-73.953887939453125 40.775028228759766
-74.001121520996094 40.677188873291016
-73.978721618652344 40.777549743652344
-73.994003295898437 40.751491546630859
-73.990821838378906 40.71673583984375
-73.974700927734375 40.749061584472656
-73.981742858886719 40.764579772949219
-73.995719909667969 40.759433746337891
-73.975135803222656 40.760059356689453
-73.99945068359375 40.726753234863281
-73.988288879394531 40.737350463867188
-73.947441101074219 40.779670715332031
-73.995285034179688 40.744983673095703
-73.960525512695312 40.781398773193359
-73.976608276367188 40.765789031982422
-73.976104736328125 40.784805297851563
-73.984489440917969 40.745731353759766
-73.955879211425781 40.779830932617187
-73.970443725585937 40.764167785644531
-73.964859008789063 40.759605407714844
-74.015060424804687 40.709026336669922
-74.012672424316406 40.702251434326172
-73.986534118652344 40.756492614746094
-73.979927062988281 40.742988586425781
-73.982383728027344 40.742660522460938
-73.988563537597656 40.742919921875
-73.997138977050781 40.747005462646484
-73.970565795898438 40.755771636962891
-73.989189147949219 40.75311279296875
-73.970237731933594 40.764785766601563
-73.97705078125 40.779880523681641
-73.9984130859375 40.711921691894531
-74.000526428222656 40.708438873291016
-73.946762084960938 40.772182464599609
-73.982566833496094 40.770278930664063
-73.992637634277344 40.763397216796875
-74.004554748535156 40.728309631347656
-74.007583618164063 40.740833282470703
-73.998046875 40.735599517822266
-73.982147216796875 40.768478393554688
-73.953079223632812 40.782806396484375
-73.994842529296875 40.724811553955078
-73.989234924316406 40.753593444824219
-74.001487731933594 40.738475799560547
-74.000167846679688 40.736930847167969
-73.958106994628906 40.782005310058594
-73.958038330078125 40.760421752929688
-73.968498229980469 40.766521453857422
-74.002815246582031 40.760459899902344
-73.959236145019531 40.771499633789063
-73.966064453125 40.770496368408203
-74.004356384277344 40.737968444824219
-73.983413696289062 40.766437530517578
-73.993621826171875 40.762474060058594
-73.962623596191406 40.755306243896484
-73.872940063476563 40.773899078369141
-73.986343383789062 40.751518249511719
-74.006736755371094 40.749481201171875
-73.980392456054688 40.761959075927734
-73.989036560058594 40.7603759765625
-73.978950500488281 40.762870788574219
-73.995330810546875 40.759971618652344
-74.001747131347656 40.732341766357422
-73.99102783203125 40.770950317382813
-73.993232727050781 40.747470855712891
-73.991668701171875 40.735275268554688
-73.984321594238281 40.742912292480469
-73.944313049316406 40.809551239013672
-73.981719970703125 40.750457763671875
-73.978591918945313 40.766819000244141
-73.955680847167969 40.779403686523437
-73.979568481445313 40.766162872314453
-73.970283508300781 40.759811401367188
-73.972023010253906 40.756706237792969
-74.01116943359375 40.713939666748047
-74.010002136230469 40.720634460449219
-73.982101440429688 40.765132904052734
-74.002708435058594 40.730278015136719
-73.993423461914062 40.721649169921875
-73.981575012207031 40.732791900634766
-73.969512939453125 40.760276794433594
-73.988136291503906 40.748828887939453
-73.990348815917969 40.723312377929688
-73.985801696777344 40.762668609619141
-73.962486267089844 40.778434753417969
-73.963127136230469 40.774921417236328
-73.955703735351563 40.768032073974609
-73.991294860839844 40.730091094970703
-73.9954833984375 40.739124298095703
-73.9990234375 40.734825134277344
-73.991142272949219 40.754959106445313
-73.984001159667969 40.773525238037109
-73.948974609375 40.777496337890625
-73.991508483886719 40.727146148681641
-73.991729736328125 40.726089477539063
-73.977989196777344 40.756969451904297
-74.003448486328125 40.718860626220703
-73.971878051757812 40.792232513427734
-73.990036010742188 40.772052764892578
-73.989830017089844 40.767356872558594
-73.969482421875 40.766788482666016
-73.9976806640625 40.756732940673828
-73.989227294921875 40.742073059082031
